4294967278,44
4294967278,43
4294967278,42
4294967278,41
4294967279,323
4294967278,55
4294967278,54
4294967278,53
4294967278,52
4294967278,51
4294967278,50
4294967278,49
4294967278,48
4294967278,47
4294967278,46
4294967278,45
4294967278,517
4294967279,366
4294967278,199
70,4
66,4
85,5
4294967279,200
85,4
4294967278,572
4294967278,559
4294967294,387
4294967294,388
4294967279,364
4294967278,393
4294967279,380
4294967278,515
4294967279,195
4294967278,193
4294967279,194
4294967278,192
85,6
4294967279,191
4294967279,193
4294967278,191
4294967279,192
85,3
85,2
85,1
4294967279,361
4294967278,190
4294967278,557
4294967278,59
4294967278,58
4294967278,57
4294967278,56
4294967279,0
4294967279,260
70,1
84,5
4294967278,188
4294967278,307
4294967279,306
84,4
4294967278,306
4294967278,305
4294967278,316
4294967278,62
4294967278,61
4294967278,60
4294967279,85
4294967279,84
4294967279,82
4294967279,80
4294967279,79
4294967279,77
4294967279,76
4294967279,74
4294967279,73
4294967279,70
4294967279,68
4294967279,65
4294967279,63
4294967279,59
4294967279,57
4294967279,56
4294967279,71
4294967279,379
4294967278,319
4294967279,359
4294967279,182
4294967278,180
4294967279,181
4294967278,179
84,6
4294967279,178
4294967279,180
4294967278,178
4294967279,179
84,3
84,2
84,1
4294967279,302
4294967278,177
83,4
4294967278,538
4294967278,0
4294967294,389
4294967294,120
4294967294,115
4294967294,114
4294967279,62
4294967279,317
4294967279,60
4294967279,352
4294967279,172
4294967279,171
83,6
4294967279,168
4294967279,170
4294967279,169
83,3
83,2
83,1
4294967279,316
44,4
4294967279,377
4294967279,298
4294967279,348
4294967279,347
4294967279,345
4294967279,162
4294967279,161
4294967279,315
4294967279,160
4294967279,159
4294967279,155
4294967279,158
82,5
82,4
4294967279,156
82,3
82,2
82,1
4294967279,344
81,4
4294967279,295
4294967279,343
4294967279,313
4294967279,311
4294967279,149
4294967279,148
81,6
4294967279,147
81,2
81,1
4294967279,146
4294967279,54
4294967279,52
4294967279,51
4294967279,49
4294967279,48
4294967279,46
4294967279,45
4294967279,43
4294967279,41
4294967279,40
4294967279,39
4294967279,37
4294967279,36
4294967279,35
4294967279,30
4294967279,309
4294967279,29
4294967279,27
4294967279,25
4294967279,24
4294967279,23
4294967279,20
4294967279,18
4294967279,17
4294967279,15
4294967279,13
4294967279,12
4294967279,11
4294967279,10
4294967279,33
4294967279,355
78,4
4294967294,469
80,5
4294967279,32
4294967279,291
80,4
4294967279,310
4294967294,942
4294967294,941
4294967294,939
4294967294,938
4294967294,933
4294967294,922
4294967294,436
4294967294,830
4294967294,829
4294967294,828
4294967294,827
4294967294,60
4294967294,905
4294967294,186
4294967294,904
4294967294,439
4294967294,428
4294967279,290
4294967294,99
4294967294,107
4294967294,42
4294967294,91
4294967294,90
4294967294,87
4294967294,86
4294967294,84
4294967294,413
4294967294,29
4294967294,53
4294967294,393
4294967294,1416
4294967294,6
4294967279,137
80,8
80,7
4294967279,135
80,3
80,2
80,1
4294967294,9
4294967294,8
0,7
4294967294,160
4294967294,119
4294967294,1413
4294967279,287
4294967294,75
4294967294,18
4294967294,126
4294967294,20
4294967294,13
4294967294,1417
4294967294,916
4294967294,914
4294967294,912
4294967294,908
4294967294,899
4294967294,898
4294967294,421
4294967294,190
4294967294,182
4294967294,162
4294967294,161
4294967294,43
4294967294,51
4294967294,476
4294967294,970
4294967294,1414
4294967278,132
4294967278,131
4294967278,130
4294967278,129
4294967278,128
4294967278,127
4294967278,126
4294967278,125
4294967278,124
4294967278,123
4294967278,122
4294967278,121
4294967278,120
4294967278,119
4294967278,118
4294967278,117
4294967278,116
4294967278,115
4294967278,114
4294967278,113
4294967278,112
4294967278,111
4294967278,110
4294967278,109
4294967278,108
4294967278,107
4294967278,106
4294967278,105
4294967278,104
4294967278,103
4294967278,102
4294967278,101
4294967278,100
4294967278,99
4294967278,98
4294967278,97
4294967278,96
4294967278,95
4294967278,94
4294967278,93
4294967278,92
4294967278,91
4294967278,90
4294967278,89
4294967278,87
4294967278,86
4294967278,85
4294967278,84
4294967278,83
4294967278,82
4294967278,81
4294967278,80
4294967278,79
4294967278,78
4294967278,77
4294967278,76
4294967278,75
4294967278,74
4294967278,73
4294967278,72
4294967278,71
4294967278,70
4294967278,69
4294967278,68
4294967278,67
